0.10 1
0.10 0
0.10 0
0.10 0
0.10 0
0.10 0
0.10 0
0.10 0
0.10 0
0.10 0
0.10 0
0.10 0
0.10 0
0.10 0
0.10 0
0.10 0
0.10 0
0.10 0
0.10 0
0.10 0
0.30 1
0.30 1
0.30 1
0.30 1
0.30 1
0.30 0
0.30 0
0.30 0
0.30 0
0.30 0
0.30 0
0.30 0
0.30 0
0.30 0
0.30 0
0.30 0
0.30 0
0.30 0
0.30 0
0.30 0
0.50 1
0.50 1
0.50 1
0.50 1
0.50 1
0.50 1
0.50 1
0.50 1
0.50 1
0.50 1
0.50 0
0.50 0
0.50 0
0.50 0
0.50 0
0.50 0
0.50 0
0.50 0
0.50 0
0.50 0
0.70 1
0.70 1
0.70 1
0.70 1
0.70 1
0.70 1
0.70 1
0.70 1
0.70 1
0.70 1
0.70 1
0.70 1
0.70 1
0.70 1
0.70 1
0.70 0
0.70 0
0.70 0
0.70 0
0.70 0
0.90 1
0.90 1
0.90 1
0.90 1
0.90 1
0.90 1
0.90 1
0.90 1
0.90 1
0.90 1
0.90 1
0.90 1
0.90 1
0.90 1
0.90 1
0.90 1
0.90 1
0.90 1
0.90 1
0.90 0
